0 530 271 38 83 605 260 49 78 611 302 44 52 670 257 15 25 693 258 15 24 701 279 18 29 17 473 1233 247 74 347 76 98 
1 529 270 40 85 611 302 44 52 606 260 48 78 671 257 14 25 693 257 14 25 701 279 17 29 16 472 1241 248 23 443 91 37 737 251 28 18 
2 606 261 49 77 530 269 39 87 611 303 45 49 671 257 15 25 692 257 14 25 701 279 17 28 737 250 30 20 14 445 95 39 699 269 18 32 
3 605 261 49 76 611 303 45 50 518 269 38 89 700 280 19 26 691 257 15 25 671 257 15 25 698 270 19 30 738 251 29 19 
4 605 261 50 77 610 304 47 48 515 265 43 96 699 281 20 25 692 257 15 26 697 270 20 30 671 257 14 25 358 313 89 55 10 465 1248 255 
5 610 300 48 54 603 262 53 73 1243 204 35 78 15 467 1241 253 671 257 16 25 691 257 17 26 357 314 85 55 696 281 20 26 
6 610 300 48 53 604 262 52 73 1250 202 30 80 18 470 1236 250 671 257 16 24 516 288 38 71 691 257 17 26 356 315 84 53 696 281 19 26 738 250 29 19 
7 611 301 47 53 603 261 53 75 19 470 1236 250 515 286 39 74 739 251 30 19 690 257 18 26 671 257 17 25 695 281 20 26 
8 603 263 53 72 512 285 43 76 609 299 49 56 27 471 1216 249 
9 510 282 44 81 605 261 53 75 608 300 50 54 21 469 1229 251 
10 510 282 41 82 604 263 54 72 609 299 50 55 19 469 1234 251 739 251 31 20 
11 508 286 38 78 607 264 51 70 4 464 1261 256 
12 506 286 37 79 609 298 50 57 7 467 1261 253 606 266 52 66 
13 606 265 53 70 609 299 49 55 506 286 36 81 
14 607 269 52 77 2 351 83 90 
15 607 271 51 76 686 256 19 31 609 299 48 56 3 356 76 94 
16 608 300 47 55 607 265 50 68 687 256 18 30 
17 607 298 47 58 605 271 52 75 686 255 19 32 0 367 54 77 798 247 35 27 24 461 1227 259 
18 606 297 47 60 604 272 53 75 799 247 35 27 686 254 19 35 689 267 20 33 
19 799 245 38 29 607 299 47 57 0 366 29 84 604 272 53 74 685 255 20 34 689 267 20 32 742 248 29 20 15 466 1243 254 
20 606 298 48 59 800 245 38 30 685 254 19 36 605 272 51 74 743 248 29 20 688 267 20 32 1 466 1271 254 
21 607 297 48 62 800 244 37 31 606 267 49 83 685 254 20 36 689 267 19 32 279 316 88 78 485 280 37 93 755 248 30 24 744 247 28 21 0 465 1269 255 
22 607 295 48 66 801 245 37 30 606 266 49 86 686 255 19 34 689 267 19 31 476 266 60 111 756 248 28 23 0 468 1268 252 484 295 36 82 745 248 25 20 
23 607 295 49 65 804 245 35 29 606 270 50 78 688 267 19 31 685 255 19 34 262 309 103 89 474 267 62 109 482 295 38 82 757 249 26 22 897 233 46 43 4 463 1257 257 746 248 23 19 
24 607 296 48 63 256 312 108 86 804 245 36 29 605 271 50 75 687 268 20 30 686 255 19 32 755 249 28 22 479 273 42 109 898 232 48 42 
25 606 296 46 63 252 308 106 92 687 267 20 31 605 272 49 75 805 246 36 27 475 272 43 110 686 255 19 31 757 249 27 23 902 232 47 43 745 248 25 19 0 465 1266 255 
26 605 296 46 64 687 267 20 30 807 245 37 29 604 271 48 77 468 265 66 112 754 248 30 25 685 255 20 32 907 232 50 44 220 320 137 88 0 466 1272 254 
27 605 296 46 64 687 267 20 30 217 320 140 88 454 266 60 110 754 248 30 24 809 244 37 30 910 230 53 47 604 273 49 73 685 255 20 31 
28 455 262 56 121 211 320 145 88 605 295 46 64 687 267 21 30 915 230 53 45 755 248 30 23 808 241 43 35 590 250 67 100 684 256 21 31 0 469 1265 251 
29 451 259 57 125 590 248 63 103 604 296 46 63 687 267 20 30 811 243 40 31 207 321 141 88 756 249 30 21 917 230 55 47 684 255 21 32 0 468 1263 252 
30 451 263 55 122 604 294 44 67 809 240 46 35 687 267 20 30 602 254 48 86 194 318 146 94 920 230 55 47 758 248 29 21 684 255 20 32 592 269 65 86 
31 448 264 55 125 180 319 154 97 603 294 45 66 809 240 49 35 925 229 57 47 687 268 19 28 603 255 46 84 758 248 28 21 685 256 19 30 590 269 67 87 
32 444 263 59 128 603 295 44 66 817 240 45 36 688 268 18 28 177 320 148 96 758 247 30 23 933 228 55 50 685 256 19 30 0 464 1259 256 603 257 45 80 588 270 69 87 
33 442 265 59 122 603 294 44 67 818 239 45 38 155 319 167 104 688 268 18 28 758 246 30 24 686 256 18 30 936 229 56 50 0 466 1267 254 590 269 67 89 602 257 46 80 
34 435 265 63 125 147 318 168 106 603 294 43 67 818 239 49 39 687 268 19 27 685 256 19 30 586 248 65 102 938 229 61 50 758 247 29 22 589 269 67 89 0 462 1269 258 
35 434 262 64 132 131 319 175 107 821 239 50 38 584 248 65 102 601 296 43 65 687 268 19 27 685 255 19 31 942 227 64 51 757 246 31 23 0 466 1263 254 586 267 67 91 
36 426 263 68 131 585 247 62 104 823 239 51 39 600 295 43 66 119 300 177 143 688 268 18 27 685 255 19 32 758 247 31 23 946 227 70 52 4 466 1257 254 946 227 70 52 587 267 65 90 
37 424 261 66 134 93 320 194 114 599 295 44 67 824 239 51 39 582 249 65 99 687 268 19 27 685 255 19 31 757 247 32 23 954 225 66 55 584 270 68 89 6 461 1259 259 602 251 44 67 
38 421 270 63 134 598 296 44 65 824 240 55 39 687 268 19 27 581 248 67 99 760 247 30 23 685 255 19 31 952 227 77 52 581 272 71 87 93 322 187 116 5 463 1255 257 
39 416 265 65 143 581 246 65 101 598 296 44 65 828 239 55 41 758 247 33 22 685 255 19 31 687 268 19 26 0 468 1262 252 70 303 198 145 956 228 80 51 583 271 68 87 
40 408 261 64 149 579 247 67 98 829 238 57 42 596 296 47 67 685 255 19 31 759 247 32 23 0 471 1256 249 687 268 18 26 52 306 207 143 966 228 76 52 581 273 70 88 970 228 71 52 
41 407 256 61 159 579 247 68 98 596 294 46 71 836 237 53 43 685 256 19 30 759 247 32 23 31 301 211 153 972 226 81 55 687 268 18 26 581 274 69 87 3 473 1252 247 
42 403 255 61 161 578 247 68 100 21 333 219 119 596 293 45 71 837 237 54 43 685 255 19 31 759 247 34 24 580 273 70 87 979 226 80 54 687 268 18 26 
43 396 257 60 157 580 246 66 101 595 294 46 70 834 238 62 43 685 255 19 31 33 337 201 113 687 268 18 26 986 227 81 55 760 246 34 25 583 272 67 87 0 469 1260 251 
44 389 254 65 163 580 245 65 104 595 294 46 70 840 238 60 42 687 268 18 26 684 256 20 29 760 246 34 24 994 225 88 59 1 468 1261 252 10 320 210 154 
45 383 255 64 164 579 246 66 99 842 238 62 42 5 325 206 145 596 294 45 69 687 268 18 26 685 256 19 29 999 222 97 62 759 245 36 25 581 272 67 87 0 468 1263 252 
46 375 252 65 168 0 326 205 151 578 247 66 97 844 237 65 44 595 294 46 68 1007 223 92 61 687 268 17 26 685 255 18 31 760 245 36 25 581 271 67 89 0 471 1260 249 
47 364 253 70 171 578 246 66 97 847 236 69 47 594 294 47 69 760 245 36 25 687 268 18 26 685 256 19 30 1014 222 95 65 0 348 184 108 
48 363 254 66 172 578 244 64 102 1022 221 94 64 857 235 61 49 686 268 19 26 684 256 20 30 589 303 47 64 759 245 38 25 579 270 67 92 
49 352 245 71 190 579 244 65 101 588 303 49 65 686 268 19 26 1031 220 95 67 684 256 20 29 759 246 40 24 1 354 161 105 861 236 59 46 579 272 68 90 
50 345 240 74 201 579 245 64 100 686 268 19 26 592 294 50 69 8 352 129 115 759 246 40 24 866 237 63 46 684 256 19 29 1036 220 103 67 1038 219 102 67 
51 340 243 74 196 579 246 65 98 0 361 125 118 686 268 18 26 762 247 36 23 588 292 50 71 1047 211 107 72 868 235 65 48 684 256 19 29 
52 331 245 76 200 578 246 65 99 686 268 19 26 587 301 50 69 1056 209 108 76 868 234 73 52 684 256 19 30 0 359 113 125 761 246 39 23 577 272 69 91 860 233 77 52 
53 324 240 75 215 577 245 65 102 1065 207 119 79 587 302 50 68 686 268 18 26 761 246 40 23 684 255 19 31 867 233 74 52 577 270 69 93 0 364 76 125 
54 313 248 79 207 577 244 65 103 586 303 50 67 685 268 19 25 871 234 82 52 1082 207 113 80 685 256 18 29 764 246 35 24 577 270 68 93 0 363 65 135 1072 213 114 77 668 256 15 25 
55 304 246 93 213 577 244 66 104 587 303 49 68 1082 207 134 80 876 233 79 53 685 255 18 31 686 268 17 25 765 247 34 22 776 247 32 24 578 269 67 93 
56 292 235 90 240 575 244 68 104 587 305 49 66 880 232 79 56 685 256 18 30 686 268 17 25 1093 206 141 82 777 247 30 25 1105 211 113 82 765 246 34 22 
57 287 240 91 232 575 244 67 105 586 304 50 67 881 231 84 56 685 256 18 30 686 268 18 25 1111 210 114 83 776 247 33 25 764 247 34 21 
58 277 239 91 249 576 243 65 107 586 304 49 67 776 246 33 27 685 255 18 31 893 229 87 59 1121 200 148 90 686 268 18 25 
59 266 242 88 245 575 243 66 107 891 229 92 61 585 304 51 67 685 255 18 32 776 245 34 28 686 268 18 25 1132 199 148 91 
60 252 244 97 242 574 242 67 109 899 229 87 62 585 304 50 69 685 255 17 32 776 245 35 28 1151 188 129 106 687 268 16 25 575 267 68 98 
61 240 237 100 261 572 242 70 109 901 228 94 63 584 305 51 67 777 246 34 27 685 256 18 31 1162 183 118 110 687 268 17 25 
62 228 233 107 272 573 242 68 111 905 228 100 63 584 305 51 68 777 245 37 27 685 255 18 32 1186 190 94 107 669 255 16 27 687 268 17 25 
63 213 239 108 267 574 243 67 109 912 224 101 70 585 305 51 68 1201 183 79 116 778 246 35 26 685 256 19 30 863 240 15 31 687 268 18 25 
64 202 239 103 267 573 243 68 108 915 223 107 69 585 304 50 69 780 246 35 26 685 256 18 30 864 240 17 29 687 268 17 25 
65 181 230 118 285 571 242 69 109 920 222 112 70 584 303 52 70 780 244 37 28 684 255 20 32 1244 242 34 56 865 238 21 32 687 268 18 24 573 264 70 101 0 475 1261 243 
66 160 222 139 305 571 243 70 107 934 223 111 71 584 304 52 69 868 237 22 37 684 255 20 32 780 244 38 28 
67 145 224 132 310 571 242 69 111 939 223 114 71 584 304 51 70 684 255 19 32 781 244 36 28 869 237 22 37 
68 119 219 143 345 571 242 70 110 934 224 130 70 584 305 51 69 684 256 19 31 777 241 45 35 
69 90 221 164 349 570 241 70 113 583 305 51 68 940 223 139 70 685 255 18 31 880 238 19 36 778 240 46 36 
70 72 221 173 356 569 241 72 114 948 222 147 73 583 305 51 68 784 245 39 27 685 256 18 30 883 239 19 34 668 255 15 26 
71 49 212 171 383 570 242 69 112 957 218 148 79 685 256 18 29 582 306 52 67 885 239 19 34 784 244 38 28 1232 272 46 211 668 256 15 24 688 269 17 22 
72 24 203 184 407 570 242 69 113 685 256 19 29 581 306 52 66 1219 279 61 198 668 256 15 25 964 218 158 81 886 240 20 33 964 218 158 81 8 475 1242 243 
73 4 212 174 427 568 241 71 115 685 256 18 30 1207 280 73 194 971 217 170 83 581 305 52 68 0 473 1256 247 669 256 14 25 887 240 21 33 785 244 37 26 688 269 17 22 
74 1 219 172 416 568 241 71 116 1196 271 84 214 978 215 185 86 685 256 18 30 669 256 15 26 
75 0 200 141 463 568 242 70 114 1179 265 95 221 981 210 198 92 685 256 18 30 668 256 16 26 
76 0 141 112 570 567 242 72 113 1174 259 101 228 1002 198 199 98 685 256 18 29 667 256 16 26 
77 568 243 69 112 1158 255 120 235 1015 204 205 106 685 257 18 28 667 256 16 26 0 231 75 444 790 240 49 34 1015 204 205 106 
78 567 243 70 111 1149 252 131 239 578 315 51 75 685 257 19 28 667 256 16 26 793 240 46 36 1019 202 221 108 1024 199 224 113 
79 566 242 70 113 1137 243 139 259 792 240 48 36 1043 200 215 114 668 256 16 27 578 316 51 75 686 257 17 28 
80 1128 247 149 243 567 244 69 109 792 241 49 36 1052 199 227 113 667 256 18 27 685 256 18 30 
81 1115 239 162 260 567 245 68 107 1066 200 200 109 793 240 50 37 667 256 17 27 685 257 18 28 571 286 65 115 1071 190 205 109 
82 1106 229 173 241 567 246 68 105 1084 201 177 111 796 240 48 37 667 256 17 27 685 257 19 28 569 285 66 118 
83 1098 209 178 272 566 246 69 107 797 240 50 37 1100 187 177 109 667 256 17 27 685 257 19 28 569 289 66 112 
84 1088 202 192 288 565 247 70 106 800 242 49 35 1121 187 156 105 666 257 17 25 685 257 19 28 567 289 68 114 
85 1076 203 203 284 567 259 70 108 797 241 56 36 1149 187 130 99 576 336 48 61 666 257 17 25 476 245 103 86 685 258 20 27 
86 1072 204 208 281 566 259 72 107 575 333 49 65 800 241 54 37 666 256 16 26 478 246 95 83 687 257 17 28 
87 1067 195 210 297 565 258 72 111 575 331 49 69 665 256 16 27 688 257 17 28 477 247 97 83 567 293 70 108 801 240 54 37 
88 1051 183 229 276 566 260 70 112 667 257 14 25 689 257 16 28 574 329 49 72 568 290 67 113 802 240 54 37 0 466 1266 254 
89 1042 191 236 264 563 260 72 112 668 256 15 26 574 327 49 76 811 242 56 36 689 257 16 27 566 291 68 111 0 465 1269 255 473 243 106 87 
90 1030 189 250 262 563 262 70 107 668 256 15 26 572 327 52 76 814 240 52 39 689 257 16 28 0 471 1269 249 472 246 100 83 
91 1027 198 253 244 563 263 69 106 810 240 60 40 668 257 16 25 571 327 52 77 688 257 17 27 0 468 1261 252 
92 1016 197 264 250 562 256 69 115 814 238 57 42 668 257 16 25 569 324 54 80 689 257 16 28 1 473 1262 247 465 249 102 84 
93 1011 193 269 259 815 238 59 41 562 257 70 114 668 257 16 24 564 292 67 111 688 258 18 27 968 232 38 50 465 253 94 81 1 474 1266 246 
94 1013 191 267 266 815 238 64 42 563 258 68 115 688 258 17 27 566 326 57 77 667 257 17 25 973 233 38 48 7 471 1266 249 457 271 95 55 
95 1008 190 272 270 818 238 63 42 564 255 66 117 687 258 17 27 567 326 55 78 0 478 1267 237 668 257 17 25 980 244 40 41 
96 996 192 283 316 564 328 59 77 562 259 68 109 818 237 62 43 687 258 17 27 668 258 16 24 985 231 38 51 985 245 41 40 0 479 1263 237 
97 992 186 288 324 560 255 70 116 993 226 40 56 814 237 74 43 564 326 58 80 687 258 16 27 994 245 41 40 668 257 16 25 0 479 1262 238 
98 992 188 288 321 1001 228 37 53 556 256 75 111 687 258 17 27 815 236 75 44 668 257 16 25 556 330 60 76 0 478 1265 238 
99 992 186 282 320 687 258 17 26 0 481 1272 234 545 264 78 101 667 257 17 25 557 331 58 75 816 235 77 45 1008 227 36 54 
100 982 188 292 309 544 263 80 105 834 236 61 46 0 479 1270 236 687 258 17 26 667 257 17 25 555 330 60 76 1016 217 29 58 546 290 76 113 
101 983 227 297 234 542 261 81 109 666 258 18 25 687 258 17 26 834 235 64 46 555 330 60 76 0 475 1272 242 439 256 91 85 
102 978 222 302 237 538 263 83 106 835 236 65 45 666 258 17 25 435 254 99 88 687 258 17 26 0 480 1272 234 542 321 79 102 
103 955 188 325 302 829 235 79 46 536 261 84 113 666 258 18 25 433 267 97 85 0 478 1280 237 535 285 85 120 688 258 16 26 
104 952 189 328 300 535 258 84 114 829 233 83 48 666 258 18 24 0 480 1277 235 688 259 16 24 428 267 99 86 534 291 83 109 
105 534 258 84 117 952 195 328 242 830 233 83 47 535 289 80 115 666 258 17 24 688 259 16 24 422 270 102 82 0 480 1274 234 666 258 17 24 
106 943 197 337 236 533 264 85 106 666 258 18 25 419 269 104 84 835 233 82 45 688 258 16 25 435 229 78 30 532 296 83 101 666 258 18 25 
107 934 201 346 226 531 261 88 113 666 257 17 26 848 235 83 45 688 258 16 25 530 319 84 103 419 266 107 87 
108 935 199 345 222 665 257 18 27 688 258 16 25 849 234 82 47 528 268 89 103 528 320 86 100 401 268 138 83 
109 931 202 349 215 526 262 90 112 665 257 19 27 688 258 16 26 410 266 117 87 852 234 83 48 525 318 87 104 852 234 83 48 
110 523 251 92 134 936 202 342 211 688 257 16 27 666 257 18 27 855 233 83 49 525 316 84 111 855 233 83 49 
111 921 206 356 207 523 247 91 145 688 257 16 27 666 257 18 26 404 244 121 106 857 233 86 48 526 320 84 100 
112 920 204 355 206 521 251 91 130 667 257 17 26 688 257 15 27 406 263 115 93 857 233 89 47 523 320 85 103 
113 929 205 342 203 521 248 90 139 382 262 149 95 687 256 15 27 667 256 16 27 859 233 86 47 
114 929 204 338 198 524 250 85 132 688 257 15 26 871 236 86 45 667 257 16 26 524 324 82 99 
115 523 244 89 145 920 208 345 190 870 233 92 48 688 257 14 26 385 259 127 103 666 256 15 27 
116 523 245 88 145 917 211 342 186 688 257 14 26 665 256 16 28 872 233 91 47 379 255 120 109 
117 522 247 89 141 905 214 344 179 688 257 14 26 665 255 16 29 379 258 116 102 875 231 89 51 488 239 59 108 
118 902 214 336 175 523 249 89 136 666 255 15 28 688 257 13 26 374 220 165 142 876 226 87 57 
119 523 249 88 137 901 219 322 169 666 255 16 29 687 256 13 28 370 218 169 145 
120 889 221 315 161 523 250 86 135 665 255 16 30 687 257 14 26 368 256 138 112 
121 885 219 311 160 523 247 86 142 664 255 17 30 687 257 14 26 368 253 137 115 
122 882 216 307 161 523 248 86 139 355 220 160 153 663 255 17 30 687 256 14 28 
123 880 219 301 157 520 246 89 146 354 219 157 155 662 255 18 30 686 257 15 27 
124 877 219 290 156 520 246 89 144 346 255 162 115 663 254 18 32 686 257 14 26 524 322 83 108 
125 872 220 283 146 520 244 89 150 349 211 166 166 527 319 77 114 687 257 12 24 663 255 17 30 0 479 1255 239 
126 871 220 270 149 521 248 88 142 662 255 19 29 686 258 14 23 339 214 180 163 526 320 79 113 0 476 1244 243 490 255 39 86 
127 872 220 254 143 518 248 89 141 343 213 171 164 686 257 14 25 662 255 19 29 524 316 80 115 491 251 37 95 1 476 1234 242 
128 868 222 255 137 338 208 170 171 516 249 89 141 686 258 14 24 664 256 18 28 0 475 1261 243 524 320 79 109 494 252 32 94 
129 885 219 221 143 519 246 87 147 331 207 182 175 686 258 14 24 666 256 16 27 525 318 77 112 
130 868 217 219 145 519 246 88 149 334 207 178 173 686 257 13 25 487 263 36 94 667 256 17 27 525 317 76 115 0 473 1263 246 
131 864 229 222 124 519 246 86 150 298 206 263 173 477 252 52 124 668 256 17 27 686 257 13 25 1050 232 57 55 523 258 81 170 0 476 1262 241 649 254 18 32 
132 863 232 215 121 519 244 86 152 281 204 276 182 966 211 155 82 667 256 16 27 686 257 13 24 477 251 51 127 0 472 1267 248 524 261 79 166 
133 862 233 209 118 519 244 86 155 280 205 271 183 964 207 171 91 474 250 52 132 667 257 16 26 686 257 13 24 0 472 1267 247 651 255 16 30 
134 859 231 202 118 518 244 88 154 305 200 206 190 667 257 16 27 967 202 188 99 686 257 12 24 0 469 1261 251 967 192 186 109 650 254 18 33 
135 855 229 200 120 296 200 219 192 515 247 92 146 666 257 17 27 0 465 1266 255 685 257 14 25 649 256 19 30 977 187 195 117 977 187 195 117 524 317 79 120 
136 856 230 189 119 514 248 94 144 295 193 218 204 666 258 17 26 979 187 217 113 685 257 14 25 0 469 1261 251 650 256 18 30 454 252 52 131 
137 854 229 187 119 512 248 95 143 984 186 226 120 276 210 271 184 667 258 17 25 685 257 13 25 1 468 1263 252 451 253 54 132 649 255 19 31 
138 851 230 186 118 991 187 242 116 512 246 95 149 289 228 182 171 669 258 16 24 0 468 1265 252 685 258 13 24 649 255 19 30 447 246 55 144 
139 827 225 211 124 510 249 98 138 244 213 275 177 986 183 268 118 669 258 16 25 0 471 1263 249 521 313 84 125 685 257 13 24 650 255 17 30 
140 832 225 198 124 1002 180 272 127 511 248 97 139 248 206 269 184 1 468 1260 252 669 258 16 25 650 255 17 30 685 257 13 25 521 318 84 117 
141 835 227 186 119 1022 176 258 134 266 220 205 183 510 249 97 137 670 258 15 24 0 469 1264 251 651 255 17 30 518 317 86 118 
142 832 229 183 115 248 191 229 215 1037 172 243 138 510 248 97 140 671 258 14 24 0 475 1260 244 650 255 18 30 
143 829 231 181 111 249 214 216 195 509 245 97 146 1047 169 233 138 671 258 15 24 3 473 1254 247 439 257 57 131 650 254 18 32 
144 824 231 182 111 495 226 127 195 241 215 232 195 671 257 15 25 1070 165 210 150 439 255 56 137 650 254 18 32 1 474 1260 246 
145 822 232 180 108 233 208 238 205 671 258 15 24 437 252 56 143 497 228 125 194 2 474 1264 245 1077 160 202 157 649 254 18 31 
146 822 234 171 104 199 206 296 197 1096 160 183 152 512 245 95 146 671 258 15 23 435 247 55 150 649 254 17 31 0 473 1270 246 
147 429 252 61 143 1113 151 162 166 822 236 165 102 197 207 291 201 510 246 98 145 671 257 16 25 649 254 19 32 2 465 1268 255 
148 428 250 61 152 822 233 158 104 1130 148 150 168 497 228 123 192 671 257 16 25 197 209 283 195 8 466 1263 254 649 254 19 32 520 342 84 108 
149 822 232 153 104 428 252 58 147 516 245 92 148 189 212 285 198 1151 147 129 171 670 257 17 25 14 470 1254 248 649 255 19 31 
150 425 254 61 143 518 245 91 146 819 233 152 105 167 197 297 217 1187 146 93 175 670 257 17 25 4 463 1267 257 522 317 86 124 649 255 19 30 
151 424 255 62 143 801 235 164 100 516 246 94 145 172 205 288 222 1208 147 70 167 3 469 1263 249 523 319 84 120 669 257 18 24 669 257 18 24 1177 207 47 72 
152 423 253 62 147 805 237 156 97 160 200 304 230 1193 202 58 78 516 249 95 138 1174 233 85 50 522 318 87 122 670 257 17 24 7 471 1258 244 670 257 17 24 648 256 19 28 
153 420 252 60 150 807 238 151 96 157 195 314 239 1197 201 79 80 1193 233 84 51 516 251 95 134 1 468 1270 252 522 318 90 121 669 257 18 24 669 257 18 24 648 256 19 29 
154 419 264 60 142 809 237 147 95 155 192 320 237 1200 233 80 51 670 257 17 24 518 248 93 144 525 321 87 118 0 470 1266 247 1220 201 57 78 648 255 19 30 
155 810 238 143 92 405 263 63 143 148 189 335 244 2 465 1270 255 520 245 92 152 669 257 18 25 525 344 84 100 954 234 41 47 1220 234 58 51 648 255 19 31 
156 397 250 72 153 808 238 142 93 99 177 369 278 521 243 90 156 5 465 1262 252 669 256 18 26 527 345 81 99 648 255 19 31 960 231 39 51 
157 392 249 74 155 511 237 112 205 93 174 370 280 807 239 140 91 11 468 1258 249 669 257 18 25 969 227 36 54 648 255 18 31 
158 391 252 66 152 75 173 394 280 511 236 112 207 811 235 129 96 1 461 1265 259 974 217 37 56 669 257 18 25 973 230 39 50 669 257 18 25 
159 392 248 63 158 58 179 405 276 510 237 112 205 799 239 142 88 669 257 18 25 980 233 37 48 11 458 1240 262 525 347 82 98 669 257 18 25 
160 387 248 60 160 799 240 140 86 510 239 113 202 52 176 425 278 669 257 18 25 984 245 45 39 527 343 82 103 669 257 18 25 
161 388 251 63 169 510 238 112 204 797 239 140 87 669 257 18 25 992 244 44 43 41 190 433 296 57 169 406 293 669 257 18 25 526 346 84 101 648 254 18 31 
162 385 256 64 161 508 237 113 208 42 170 422 288 669 257 17 25 794 240 142 85 648 255 17 30 669 257 17 25 999 245 46 41 
163 25 166 448 295 378 258 63 157 804 238 120 87 509 237 114 205 669 257 18 25 1217 306 60 183 649 254 17 31 669 257 18 25 522 343 87 109 
164 24 162 438 305 375 255 64 163 669 257 18 24 520 249 96 139 788 232 146 82 523 340 86 111 669 257 18 24 1203 263 73 220 649 255 18 29 
165 366 257 72 161 525 247 92 145 27 161 436 310 670 258 17 23 806 229 117 88 649 255 18 30 1172 216 107 265 528 343 85 106 504 285 35 54 670 258 17 23 465 313 33 52 
166 526 248 90 145 670 258 16 24 348 252 71 181 1157 268 123 207 649 255 17 31 8 181 457 313 806 229 113 87 526 343 88 108 14 163 451 306 503 285 36 53 
167 1140 269 140 201 530 245 87 151 347 252 64 184 1164 188 116 259 670 258 17 24 6 154 453 318 649 255 18 32 806 230 111 85 527 344 87 108 1039 246 57 43 
168 1146 158 130 259 343 260 67 171 527 245 91 150 1121 233 159 238 669 258 17 24 806 230 110 86 649 255 19 31 6 148 450 327 1051 243 49 48 462 314 33 55 525 341 89 113 
169 1137 148 136 277 337 260 69 169 528 244 90 152 1108 271 171 200 669 258 17 24 799 239 114 83 9 142 453 332 650 255 17 32 1053 246 80 44 532 319 84 121 
170 330 254 75 182 1132 151 145 274 0 144 454 319 1101 271 179 205 798 239 113 82 669 258 17 24 527 247 91 146 650 255 17 32 525 338 91 117 389 309 45 64 
171 1111 157 165 220 328 255 70 182 526 247 92 145 669 257 16 25 802 231 110 83 8 138 453 324 1075 278 200 188 8 138 453 324 529 340 89 114 651 255 16 31 388 326 41 49 
172 324 259 70 174 1109 167 163 238 798 239 109 81 526 246 93 144 1071 267 206 212 669 257 17 25 2 146 447 322 387 327 41 50 533 322 84 116 651 254 16 32 669 257 17 25 
173 1085 159 163 221 322 264 69 170 795 239 111 83 1069 276 210 194 524 248 97 141 669 257 18 24 0 157 442 366 7 146 433 330 533 322 85 118 492 288 42 52 669 257 18 24 651 254 16 31 
174 1075 170 159 228 313 266 75 164 3 135 438 348 1061 278 219 190 528 249 93 140 798 240 106 79 669 258 18 23 491 299 40 47 651 255 16 30 530 341 90 112 669 258 18 23 0 153 444 375 
175 1068 174 158 191 301 261 76 174 1059 286 210 170 530 247 92 144 797 239 105 80 669 259 17 22 0 128 444 350 490 298 40 49 0 128 444 350 376 324 46 55 652 256 15 26 
176 1055 172 142 224 1043 287 212 165 299 261 75 178 797 238 102 83 531 248 91 144 488 296 45 53 0 137 453 338 670 259 16 22 0 158 452 369 652 255 15 28 
177 1048 174 139 191 1040 294 203 144 290 266 75 169 799 240 99 79 531 246 93 146 487 296 47 54 670 259 17 23 0 128 457 344 1180 213 83 96 652 255 16 31 
178 1034 184 140 199 1030 293 190 144 282 259 76 176 799 241 96 77 530 247 96 144 670 259 16 23 488 294 46 57 10 465 1239 255 652 254 16 33 0 111 456 383 0 111 456 383 1180 220 90 83 
179 1024 186 139 196 1030 296 177 135 276 261 77 179 797 242 94 75 530 247 94 143 670 259 16 23 486 296 48 55 1200 221 77 81 1204 181 74 101 2 467 1241 253 0 134 471 435 652 255 16 31 
180 1017 181 121 203 266 264 81 174 1018 287 171 136 531 246 95 143 796 241 93 76 485 297 49 55 670 258 16 24 0 105 467 396 1220 241 54 58 2 467 1244 253 652 255 15 30 
181 1009 186 124 196 1012 288 160 131 256 263 103 211 531 248 96 141 796 241 93 76 482 298 51 55 0 101 453 498 670 258 16 23 2 466 1243 254 1242 238 35 63 651 255 16 31 
182 999 281 156 138 1003 186 122 196 245 261 115 215 536 247 90 146 480 299 51 54 0 101 461 408 796 242 93 74 670 257 16 26 2 466 1239 254 542 347 79 104 
183 992 279 160 138 227 252 116 236 993 191 126 186 537 249 89 143 481 297 49 57 0 98 453 412 796 242 92 74 670 257 17 25 6 469 1236 251 542 343 79 108 
184 225 253 116 238 985 190 122 186 1005 290 137 116 478 295 55 60 536 244 90 152 7 472 1237 248 0 104 452 411 795 243 92 73 670 258 17 24 788 251 93 63 
185 216 258 116 244 980 192 119 178 537 246 90 148 1000 291 131 110 0 96 447 429 477 298 52 57 0 467 1257 253 545 344 78 106 669 258 19 24 788 250 93 63 
186 202 252 119 256 974 201 106 142 536 246 93 148 994 289 125 107 0 92 447 423 479 297 49 58 546 344 76 105 2 464 1252 256 788 249 92 64 669 258 19 24 
187 969 198 103 145 191 248 127 259 539 248 89 144 985 286 126 109 0 86 450 429 480 298 48 57 547 346 75 103 788 249 92 64 668 258 19 25 5 469 1246 251 
188 966 201 101 138 180 246 122 259 980 286 121 104 540 247 89 145 0 77 441 431 480 298 46 57 5 466 1250 254 667 258 18 25 548 350 75 97 788 249 91 63 
189 959 206 100 128 165 253 144 251 971 287 116 101 540 245 90 145 478 298 47 59 11 472 1243 246 0 83 462 419 547 353 77 94 667 258 18 25 786 241 91 65 787 249 91 63 
190 957 208 96 124 154 259 153 238 971 289 111 96 541 249 88 139 0 74 437 440 478 297 45 61 14 471 1238 249 787 250 90 61 667 257 18 26 743 246 16 22 786 241 91 64 548 350 76 95 
191 953 209 98 122 139 250 151 290 968 289 104 95 0 74 443 436 542 249 86 138 477 296 47 64 785 249 90 62 667 257 18 26 782 241 92 64 
192 950 209 99 120 134 251 147 249 962 289 101 92 541 247 87 141 473 307 52 56 667 258 18 25 783 248 90 64 782 241 90 64 548 350 76 93 0 87 453 413 
193 112 255 150 239 945 211 98 117 957 289 98 92 541 248 88 139 474 307 50 56 667 257 17 26 783 241 87 66 785 249 86 61 549 350 74 94 1 475 1244 241 
194 98 263 148 220 942 213 95 117 954 283 92 88 554 250 84 131 471 305 52 59 783 240 86 68 550 350 73 90 0 87 383 419 667 257 18 26 5 470 1246 247 
195 936 214 85 117 951 284 91 83 556 249 81 131 83 256 162 236 473 307 50 58 783 240 84 68 551 348 72 94 783 250 85 59 668 257 17 26 0 97 379 400 744 246 13 22 
196 930 215 87 115 556 247 82 136 950 281 86 84 62 261 153 177 782 240 85 68 471 306 52 60 549 348 74 95 783 249 84 61 668 257 18 26 17 469 1231 251 
197 928 219 83 124 37 250 173 249 556 246 83 136 949 278 82 83 781 241 83 67 474 307 48 59 557 325 75 106 667 257 18 26 784 248 81 62 15 470 1231 248 
198 924 214 84 115 18 258 186 288 557 245 80 138 935 282 91 78 781 241 81 67 667 258 18 25 557 324 73 107 477 308 43 56 456 306 51 61 
199 920 215 83 113 557 244 80 143 935 283 89 77 3 262 177 287 0 86 352 409 781 241 81 67 557 321 74 111 667 257 18 27 
200 916 215 84 114 557 242 81 146 935 282 85 77 781 242 82 66 456 306 55 62 2 258 162 288 559 322 73 108 668 257 18 27 688 257 13 23 
201 558 245 80 138 914 218 79 105 782 243 79 64 932 280 82 78 455 305 54 65 667 257 18 28 689 257 13 23 1 267 143 204 559 320 74 107 439 293 78 91 16 467 1233 253 
202 559 246 79 136 907 219 89 102 782 243 78 64 924 277 81 79 0 219 135 478 457 307 51 62 666 258 17 26 4 69 317 458 690 258 13 21 17 472 1233 247 
203 560 245 79 141 906 219 85 101 780 242 82 65 922 275 80 77 453 307 56 64 665 257 18 28 1 69 317 452 689 258 14 21 
204 905 219 84 101 561 244 79 141 919 275 79 78 780 242 80 66 457 305 55 67 667 258 16 26 690 258 14 21 559 316 76 110 
205 903 220 83 101 560 242 81 147 780 243 79 64 913 275 80 77 666 257 15 27 455 305 54 68 691 258 13 21 561 318 73 110 691 258 13 21 
206 559 242 82 148 900 218 82 104 920 275 63 74 782 243 77 63 457 307 51 66 666 256 16 28 691 258 13 21 435 293 76 94 563 321 74 105 691 258 13 21 
207 899 218 82 103 560 242 83 147 916 277 65 72 782 244 76 62 664 255 19 31 434 291 76 98 454 306 51 68 565 319 77 104 692 257 14 21 
208 891 218 78 105 562 242 86 148 916 277 63 73 782 243 77 63 665 256 19 29 434 293 76 93 455 305 49 70 692 258 14 21 986 235 20 36 
209 564 243 85 146 889 219 78 103 913 275 63 75 781 244 78 61 666 257 18 28 434 294 78 92 692 258 15 21 692 258 15 21 454 304 51 72 433 268 76 104 
210 566 243 82 147 885 218 77 106 910 275 63 75 780 243 77 62 0 72 274 472 430 294 80 91 668 257 18 28 985 235 21 36 691 259 16 20 14 468 1232 252 691 259 16 20 
211 566 244 84 153 885 219 74 103 908 275 60 73 780 244 75 60 431 291 82 95 667 255 18 30 984 233 23 39 692 258 16 21 20 474 1224 244 570 319 72 112 
212 567 242 84 160 901 275 60 69 883 221 72 100 415 292 92 94 781 243 73 60 666 255 17 30 985 236 22 35 14 474 1241 241 693 259 16 21 693 259 16 21 
213 899 273 60 70 569 241 84 157 881 222 73 96 417 292 88 95 781 243 73 60 668 255 19 31 693 258 17 22 572 318 73 111 986 237 23 34 2 473 1247 241 780 253 72 50 
214 899 274 57 67 570 246 83 145 414 292 93 96 879 221 74 94 693 258 17 21 782 256 70 45 782 244 71 58 669 256 19 30 990 239 23 32 
215 897 276 55 62 569 245 85 143 424 295 84 94 873 220 74 97 781 244 71 58 575 313 72 118 695 258 14 20 0 473 1258 247 670 255 17 29 
216 570 243 85 147 895 275 55 63 870 224 72 91 782 244 70 58 420 292 92 95 575 313 73 119 692 258 17 21 0 473 1253 246 
217 571 244 84 142 896 272 50 61 426 293 86 99 880 228 50 84 782 244 69 57 670 257 18 30 575 315 74 115 0 470 1260 250 694 258 16 22 667 268 20 25 
218 894 271 49 62 572 245 84 140 422 295 88 98 880 231 48 80 783 244 68 57 670 254 20 35 575 312 74 118 694 257 17 23 0 474 1259 245 
219 570 243 87 143 893 270 48 63 422 296 86 97 882 229 46 84 783 244 70 56 576 315 73 113 0 475 1257 243 671 254 19 33 
220 570 243 87 140 891 271 46 61 426 297 83 97 880 230 48 82 783 244 69 55 674 254 18 33 575 317 74 110 0 476 1262 241 
221 570 240 87 146 882 271 51 60 866 222 72 94 424 297 88 96 783 245 69 54 673 255 18 32 574 318 77 108 0 474 1253 245 869 247 73 79 695 256 17 25 
222 882 272 49 58 569 242 88 143 876 228 50 85 420 297 88 97 783 244 70 54 578 315 75 111 0 475 1262 240 673 253 18 35 695 256 15 24 1008 234 24 36 
223 882 271 47 59 569 242 88 143 876 231 47 77 418 301 89 91 784 245 70 53 578 316 75 110 1012 238 19 32 693 256 16 26 0 474 1254 245 675 253 17 34 
224 879 272 44 56 569 241 89 144 874 230 49 80 420 298 86 98 784 244 71 53 575 315 77 110 0 473 1260 246 690 256 17 27 1011 237 24 32 
225 877 272 46 56 569 239 89 149 871 232 51 74 575 314 79 111 784 244 72 53 417 298 87 99 693 256 16 26 0 471 1257 249 676 254 16 33 
226 876 272 47 56 570 238 88 150 870 231 53 76 578 315 77 111 784 244 72 52 417 299 87 99 676 252 17 37 692 255 17 28 0 471 1261 248 
227 572 238 87 150 875 272 46 54 869 231 52 77 419 301 85 98 578 315 77 109 784 245 71 50 690 254 17 29 1 465 1266 255 1029 234 19 36 
228 875 272 44 53 572 238 89 149 867 232 50 75 419 302 86 98 577 316 79 108 691 254 17 30 1029 235 19 35 0 467 1265 253 783 244 75 51 
229 572 236 89 153 873 272 46 51 866 231 49 77 418 300 86 101 691 254 17 30 579 317 77 108 1029 231 19 40 784 245 74 50 5 464 1259 256 
230 571 237 90 149 870 271 45 51 415 303 83 97 578 317 79 107 866 232 47 72 692 254 16 29 0 465 1275 255 1029 233 22 37 794 241 59 54 
231 572 238 89 149 870 270 46 52 865 231 49 74 578 319 78 104 410 316 86 96 692 255 17 28 7 457 1260 263 692 255 17 28 784 245 75 49 715 257 13 19 
232 573 238 88 147 866 269 46 53 857 229 46 74 579 318 79 106 409 316 89 96 691 254 15 29 9 462 1253 258 792 242 61 52 935 241 24 31 718 249 12 20 1036 232 23 38 691 254 15 29 
233 573 239 89 146 867 269 44 52 858 230 46 71 578 318 80 106 414 302 87 98 690 253 14 32 938 242 26 31 3 463 1252 257 
234 574 240 88 146 866 269 43 52 859 233 44 66 579 316 80 109 690 253 15 31 405 315 93 98 719 249 12 20 795 242 58 51 6 465 1247 255 940 241 27 32 
235 858 232 45 70 573 236 86 121 863 269 41 49 578 316 83 110 401 314 94 99 692 254 16 30 2 464 1246 256 
236 575 236 85 121 863 271 41 45 859 232 42 69 579 317 82 108 382 312 104 106 693 254 15 30 956 240 26 34 0 468 1260 252 788 244 75 48 716 255 13 23 956 240 26 34 
237 575 236 85 120 858 232 43 69 863 270 40 46 579 320 83 104 382 314 103 101 0 470 1261 250 959 239 29 35 715 255 15 24 693 254 17 30 693 254 17 30 
238 576 234 86 126 860 260 40 53 858 231 40 70 579 320 82 103 384 312 99 105 0 468 1251 252 692 253 15 31 963 238 27 35 
239 578 232 85 131 855 233 43 68 859 260 40 52 582 318 78 109 383 313 100 105 0 468 1257 252 713 254 16 27 1059 227 23 39 978 240 26 34 
240 578 232 86 161 858 261 39 51 378 312 107 108 583 319 78 107 856 234 41 66 0 466 1258 254 714 254 16 27 979 240 29 34 
241 579 230 84 132 857 262 39 50 377 311 109 110 856 232 39 69 585 319 77 106 0 465 1272 255 713 253 15 29 982 232 38 42 
242 579 232 85 161 852 234 42 66 855 262 40 49 370 315 107 105 588 319 75 106 0 461 1272 259 712 254 17 28 
243 580 229 85 168 853 263 41 48 589 317 75 110 852 233 41 68 369 312 113 110 713 254 18 28 6 460 1258 260 995 233 41 43 
244 582 229 84 137 852 262 42 49 589 319 76 106 363 313 117 117 851 236 42 64 0 463 1270 257 1002 233 42 42 798 244 56 47 713 253 17 30 
245 581 231 85 165 852 262 41 48 361 313 120 120 591 319 74 105 851 236 41 63 1009 231 42 45 0 460 1273 260 713 253 18 30 
246 583 231 83 130 358 316 119 119 853 261 38 48 591 319 74 107 852 236 40 64 714 253 18 29 960 229 18 30 0 464 1272 256 1020 218 33 54 1016 229 41 47 
247 583 229 84 169 852 261 39 48 357 315 119 119 593 316 73 112 850 237 41 62 714 253 16 30 1025 232 41 44 0 464 1269 256 
248 584 230 83 130 593 318 75 107 850 262 41 47 357 315 120 120 847 237 44 62 801 246 50 43 0 459 1272 261 1032 232 44 45 714 252 18 32 961 231 17 27 
249 335 297 154 151 585 232 82 126 852 261 37 47 595 316 75 111 1043 232 45 46 850 235 40 66 715 253 18 28 715 253 18 28 0 458 1276 262 804 245 48 44 743 249 13 18 1157 220 24 41 
250 335 293 157 160 587 230 81 130 596 315 74 111 852 260 37 48 1051 233 49 45 850 239 39 59 1053 216 37 55 0 462 1271 258 715 252 18 31 807 246 44 43 
251 589 232 82 168 336 294 156 162 598 315 72 112 850 235 40 64 851 261 38 46 1061 235 49 44 0 457 1267 263 714 252 20 32 714 252 20 32 
252 590 235 82 165 334 289 151 168 597 314 74 111 850 235 39 64 851 261 37 46 1067 233 54 45 716 252 19 30 0 459 1267 261 716 252 19 30 741 247 13 21 
253 591 234 83 163 329 290 154 166 597 316 75 110 1077 232 52 46 855 266 28 36 0 461 1268 259 1077 216 44 54 851 240 36 56 717 252 17 30 808 247 45 40 
254 592 232 83 167 325 294 161 162 597 316 75 109 1091 233 58 46 855 267 28 35 718 252 18 32 0 460 1279 260 718 252 18 32 850 238 36 58 1093 212 48 58 
255 320 291 164 172 592 237 84 158 596 317 76 110 1098 231 61 48 854 268 29 33 718 252 19 31 0 457 1280 263 718 252 19 31 849 231 33 50 1100 210 52 63 
256 594 236 83 154 601 318 70 110 1112 231 61 48 853 268 29 33 325 290 160 173 0 460 1280 260 743 249 12 18 1112 211 56 62 808 257 43 30 716 253 16 30 
257 604 231 77 165 1121 231 61 49 603 319 67 108 313 337 109 134 852 266 29 35 1124 211 50 60 0 461 1280 259 718 254 18 28 718 254 18 28 743 248 13 19 
258 603 228 79 169 322 328 159 137 1136 227 64 54 606 316 72 112 1139 205 51 49 852 266 29 34 0 459 1280 261 717 253 19 30 717 253 19 30 850 230 31 51 745 248 13 20 891 228 17 34 810 257 37 29 
259 604 228 77 172 309 320 157 149 1144 230 78 51 607 314 70 114 852 266 29 34 0 458 1280 262 850 231 30 50 743 248 13 20 810 257 38 29 1152 204 51 49 
260 603 231 80 166 300 331 161 144 608 315 70 111 1151 226 87 53 852 265 27 35 0 460 1280 260 719 253 15 30 1164 206 63 70 743 248 13 21 719 253 15 30 
261 606 228 78 174 1169 229 86 52 296 333 168 143 610 312 68 118 1182 198 56 59 719 253 18 30 851 265 28 35 0 462 1280 258 831 232 46 52 744 248 14 21 
262 607 226 82 177 294 326 169 156 610 313 70 116 1180 228 91 53 1194 197 49 62 850 230 30 55 0 466 1280 254 830 232 46 53 851 264 27 36 718 253 15 31 
263 608 227 82 176 285 314 180 174 612 313 69 114 1197 229 83 52 830 232 46 52 0 463 1280 257 1213 198 56 64 850 265 29 34 743 246 15 24 719 252 16 31 
264 608 228 84 170 286 325 173 160 610 315 71 112 1223 195 53 68 1217 229 61 52 851 230 29 53 849 265 29 34 829 233 45 50 0 456 1280 264 736 252 18 30 
265 280 314 176 174 610 229 90 135 614 317 69 109 1241 193 37 73 1239 205 39 72 0 460 1280 260 849 230 33 53 745 246 14 23 834 261 44 39 829 234 47 49 
266 272 304 182 190 614 229 84 166 618 318 68 105 0 460 1280 260 744 246 15 24 739 252 16 29 842 267 28 30 850 231 32 51 1161 211 33 56 834 261 44 38 
267 268 310 185 186 615 225 85 173 619 318 69 109 1168 213 32 53 737 253 18 29 843 267 27 29 743 246 17 24 
268 617 227 83 171 264 307 192 194 619 318 71 108 1172 213 32 53 737 252 18 31 842 266 29 31 744 246 17 23 
269 618 227 83 169 240 308 192 198 620 318 73 108 843 266 29 30 744 245 15 26 739 252 16 30 1175 215 34 50 
270 616 225 89 145 255 336 199 176 1180 214 34 51 620 315 77 117 842 266 31 31 740 252 17 30 
271 618 221 89 153 229 338 203 177 621 319 78 110 841 266 31 32 1185 214 34 51 739 251 18 32 
272 223 342 214 174 620 224 88 146 624 315 77 115 841 266 30 32 1189 214 29 51 740 252 17 30 740 252 17 30 0 461 1272 259 746 246 14 25 837 241 28 28 819 258 27 26 
273 223 341 208 177 621 223 89 149 628 316 76 115 1191 213 37 54 841 266 31 32 740 253 18 29 0 465 1264 255 745 246 17 25 819 258 26 26 830 237 43 44 
274 216 340 212 180 623 224 90 147 626 314 82 121 1193 213 38 54 842 266 29 32 833 235 41 47 739 252 19 31 739 252 19 31 745 248 16 21 819 256 24 28 762 249 13 18 0 460 1277 260 
275 625 226 86 141 211 341 210 179 630 316 80 120 1199 212 38 54 843 266 28 31 739 252 19 30 0 466 1280 254 
276 202 331 226 195 625 239 89 147 1203 211 37 56 629 315 84 119 842 266 29 31 0 467 1280 253 738 254 21 28 795 236 12 18 838 240 25 31 
277 198 337 229 188 627 228 87 139 631 316 83 119 843 266 26 31 1211 210 31 57 740 253 20 29 0 465 1280 255 839 240 24 30 820 256 23 27 
278 187 325 240 207 627 226 91 142 629 319 85 115 843 266 26 30 0 468 1280 252 740 253 19 30 740 253 19 30 821 256 22 26 
279 180 324 252 206 628 225 90 143 632 317 85 117 841 267 29 29 0 465 1280 255 741 253 19 30 836 242 25 28 741 253 19 30 1219 209 34 59 
280 629 231 90 163 167 314 232 231 638 314 79 122 842 268 26 28 741 254 20 28 0 470 1260 250 836 241 23 30 743 247 19 24 
281 131 358 289 199 630 232 89 161 640 317 78 120 843 267 26 29 740 253 19 31 833 243 25 28 740 253 19 31 0 469 1267 251 
282 126 361 294 193 633 232 88 161 641 314 79 126 842 268 27 28 742 252 19 32 0 466 1272 254 833 243 26 28 
283 116 356 296 208 635 230 91 165 643 317 79 122 841 267 27 29 743 254 18 28 766 249 13 19 836 243 24 26 743 254 18 28 0 469 1277 251 
284 108 356 299 204 636 231 90 164 642 318 80 123 841 266 27 29 766 249 14 20 0 469 1272 251 743 253 19 30 836 242 25 28 
285 639 226 89 174 101 363 306 194 644 317 79 125 841 266 27 29 833 236 40 45 835 241 25 30 0 469 1273 251 743 252 18 34 
286 94 360 310 212 640 231 88 168 646 315 78 129 841 266 27 29 834 236 40 45 0 467 1277 253 745 252 19 33 835 241 26 30 767 249 14 20 
287 647 342 76 103 641 229 88 170 80 358 321 216 841 265 28 30 0 461 1277 259 835 236 41 43 835 242 26 28 768 249 14 19 834 256 28 31 
288 646 345 79 103 650 241 86 145 52 372 346 213 840 265 28 30 769 249 14 19 836 243 25 27 833 256 28 30 0 454 1280 266 744 253 20 31 
289 34 312 379 310 652 228 83 135 653 349 78 96 840 265 28 30 771 248 13 20 834 256 28 31 836 242 25 28 744 252 20 33 0 457 1269 263 835 237 41 43 
290 651 228 87 135 18 334 397 286 654 347 77 96 841 265 26 29 836 241 25 30 835 236 39 44 836 255 27 32 769 249 14 19 0 462 1280 258 745 253 20 33 764 254 16 27 836 246 39 44 
291 655 351 78 94 653 231 87 131 24 360 376 310 841 266 28 29 835 237 40 43 837 241 26 30 836 256 28 31 0 455 1280 265 761 254 18 28 
292 655 230 87 159 656 346 78 99 841 266 29 29 838 241 27 30 21 371 377 305 837 256 29 30 835 238 41 40 0 461 1280 259 770 249 15 19 
293 657 347 81 98 655 229 91 136 10 363 393 325 841 266 30 28 837 241 27 29 835 256 32 30 835 237 41 41 
294 658 230 91 160 659 345 81 102 841 266 28 28 8 346 399 356 838 242 24 27 835 256 29 30 0 462 1270 258 762 255 18 28 
295 659 227 90 167 661 341 80 104 10 333 390 368 837 256 27 30 842 266 27 27 838 244 23 25 764 256 17 26 771 251 12 16 764 256 17 26 748 255 15 30 
296 660 345 84 99 659 226 92 141 2 311 356 339 839 256 25 29 763 256 18 26 850 266 26 28 843 267 25 25 837 244 24 25 763 256 18 26 747 256 17 27 
297 663 344 81 102 660 226 92 141 3 314 351 331 837 254 27 33 763 255 19 28 744 254 18 31 836 242 26 28 842 267 26 25 
298 665 343 81 103 663 228 91 165 0 323 351 382 838 254 26 33 762 254 19 29 746 254 17 32 836 242 25 29 
299 665 222 90 149 669 343 80 105 0 312 350 338 838 254 25 33 763 254 17 29 0 464 1280 256 746 254 16 31 837 243 23 26 
300 666 221 92 152 0 318 347 325 668 342 82 106 763 255 20 28 838 254 25 32 763 255 20 28 836 244 23 25 
301 0 315 345 397 669 343 83 107 669 228 91 166 838 256 27 29 762 254 20 30 837 245 22 23 842 266 28 26 
302 0 321 341 329 671 226 90 174 671 341 80 110 760 253 21 33 839 256 25 29 842 267 26 25 839 245 20 23 
303 0 316 334 339 675 343 79 108 670 219 94 155 763 254 20 30 840 255 28 31 843 266 26 26 838 245 23 22 
304 671 217 94 159 676 341 80 110 4 316 329 344 840 255 28 31 765 253 20 31 843 266 26 26 838 244 24 23 
305 677 343 83 108 671 219 95 153 2 343 310 352 766 252 20 33 841 254 26 33 837 243 24 24 
306 680 341 80 110 661 206 116 213 1 343 310 350                                                                                                                                                                                                                                                                                                                                                                                                                                                                                                                                                                                                                                                                                                                                                                                                                                                                                                                                                                                                                                                                                                                                                                                                                                                                                                                                                                                                                                                                                                                                                                                                                                                                                                                                                                                                                                                                                                                                                                                                                                                                                                                                                                                                                                                                                                                                                                                                                                                                                                                                                                                                                                                                                                                                                                                                                                                                                                                                                                                                                                                                                                                                                                                                                                                                                                                                                                                                                                                                                                                                                                                                                                                                                                                                                                                                                                                                                                                                                                                                                                                                                                                                                                                                                                                                                                                                                                                                                                                                                                                                                                                                                                                                                                                                                                                                                                                                                                                                                                                                                                                                                                                                                                                                                                                                                                                                                                                                                                                                                                                                                                                                                                                                                                                                                                                                                                                                                                                                                                                                                                                                                                                                                                                                                                                                                                                                                                                                                                                                                                                                                                                                                                                                                                                                                                                                                                                                                                                                                                                                                                                                                                                                                                                                                                                                                                                                                                                                                                                                                                                                                                                                                                                                                                                                                                                                                                                                                                                                                                                                                                                                                                                                                                                                                                                                                                                                                                                                                                                                                                                                                                                                                                                                                                                                                                                                                                                                                                                                                                                                                                                                                                                                                                                                                                                                                                                                                                                                                                                                                                                                                                                                                                                                                                                                                                                                                                                                                                                                                                                                                                                                                                                                                                                                                                                                                                                                                                                                                                                                                                                                                                                                                                                                                                                                                                                                                                                                                                                                                                                                                                                                                                                                                                                                                                                                                                                                                                                                                                                                                                                                                                                                                                                                                                                                                                                                                                                                                                                                                                                                                                                                                                                                                                                                                                                                                                                                                                                                                                                                                                                                                                                                                                                                                                                                                                                                                                                                                                                                                                                                                                                                                                                                                                                                                                                                                                                                                                                                                                                                                                                                                                                                                                                                                                                                                                                                                                                                                                                                                                                                                                                                                                                                                                                                                                                                                                                                                                                                                                                                                                                                                                                                                                                                                                                                                                                                                                                                                                                                                                                                                                                                                                                                                                                                                                                                                                                                                                                                                                                                                                                                                                                                                                                                                                                                                                                                                                                                                                                                                                                                                                                                                                                                                                                                                                                                                                                                                                                                                                                                                                                                                                                                                                                                                                                                                                                                                                                                                                                                                                                                                                                                                                                                                                                                                                                                                                                                                                                                                                                                                                                                                                                                                                                                                                                                                                                                                                                                                                                                                                                                                                                                                                                                                                                                                                                                                                                                                                                                                                                                                                                                                                                                                                                                                                                                                                                                                                                                                                                                                                                                                                                                                                                                                                                                                                                                                                                                                                                                                                                                                                                                                                                                                                                                                                                                                                                                                                                                                                                                                                                                                                                                                                                                                                                                                                                                                                                                                                                                                                                                                                                                                                                                                                                                                                                                                                                                                                                                                                                                                                                                                                                                                                                                                                                                                                                                                                                                                                                                                                                                                                                                                                                                                                                                                                                                                                                                                                                                                                                                                                                                                                                                                                                                                                                                                                                                                                                                                                                                                                                                                                                                                                                                                                                                                                                                                                                                                                                                                                                                                                                                                                                                                                                                                                                                                                                                                                                                                                                                                                                                                                                                                                                                                                                                                                                                                                                                                                                                                                                                                                                                                                                                                                                                                                                                                                                                                                                                                                                                                                                                                                                                                                                                                                                                                                                                                                                                                                                                                                                                                                                                                                                                                                                                                                                                                                                                                                                                                                                                                                                                                                                                                                                                                   419 268 104 85 835 233 82 45 667 258 17 24 688 259 16 24 531 296 84 102 667 258 17 24 
463 934 202 346 226 531 258 88 118 848 235 83 44 667 258 17 25 688 258 16 25 531 320 84 101 420 266 105 87 
464 934 200 346 220 666 257 17 26 688 258 16 25 849 234 82 47 529 321 85 99 413 268 112 85 528 267 89 104 
465 930 202 350 213 525 259 91 116 666 258 18 25 410 248 121 100 526 319 86 100 688 258 16 25 852 234 83 48 852 234 83 48 
466 521 247 94 140 933 202 344 211 666 257 18 26 855 233 83 49 687 257 16 26 855 233 83 49 526 319 84 104 
